Score0:997933.9929656481
Score:315610.9600960777
