Score0:998060.1486710792
Score:317584.4863945502
