Score0:997589.954000976
Score:324752.4244651193
