Score0:997615.9903828948
Score:317776.6233809984
