Score0:952569.9446441343
Score:582486.2864359693
