Score0:991528.2816541808
Score:562775.863958357
