Score0:992712.7842446853
Score:538446.8955353696
