Score0:976314.5864748533
Score:575932.8172639975
