Score0:980348.5165084121
Score:585733.7109840052
