Score0:995591.8195315116
Score:519851.2394022132
