Score0:986900.6533963113
Score:565309.530612729
