Score0:983308.2410335345
Score:572710.9863677793
