Score0:660379.7428062131
Score:726429.978890505
