Score0:984715.1450430573
Score:566723.6680761887
