Score0:981646.1430743055
Score:572209.3014995811
